branded_colors <- c("#ef476f", "#ffd166", "#06d6a0", "#118ab2", "#073b4c")
branded_colors2 <- c("#f6d8ae", "#2e4057", "#da4167", "#3cdbd3", "#f4d35e", "#8d96a3")
