branded_colors1 <- c("#e0607e", "#fea090", "#efdc60", "#9aa0a7", "#59c7eb", "#0a9086", "#3e5496", "#8e2043", "#007187")
branded_colors2 <- c("#f6d8ae", "#2e4057", "#da4167", "#3cdbd3", "#f4d35e", "#8d96a3")
branded_colors3 <- c("#ef476f", "#ffd166", "#06d6a0", "#118ab2", "#073b4c")
