branded_colors <- c("#2e4057", "#da4167", "#3cdbd3", "#A7ACD9", "#f4d35e", "#75704E", "#FB8B24", "#37000A", "#09814A")
